1452
1643
1564
1879
-287
1473
1809
1847
1394
1856
1707
1867
1623
1822
-460
1833
1736
1942
1777
1548
1646
100
1791
1834
1845
1707
1048
780
-350
1912
1858
1847
1822
1881
1745
-276
1849
1743
1885
1571
1820
350
129
1493
1818
1775
1872
1871
1546
1831
1863
1818
1749
1766
1844
1635
1601
1911
1901
1608
1843
-64
1852
1832
1874
1170
1701
1826
1629
973
1632
1928
1789
1749
1887
1769
1744
1777
1859
1857
1858
1901
329
1887
965
1875
1514
1809
1768
1627
1903
1791
1717
721
1787
1859
10
201
1578
1862
1700
865
1781
1889
1791
-311
1540
1834
1811
1854
1853
1737
1834
1832
1736
1903
1738
1892
1394
-190
1779
1731
1512
48
1686
181
1776
938
1880
1906
1918
1856
1868
1765
1901
1550
1802
1845
1859
1868
1906
376
1919
1742
1644
1100
1789
1835
1501
381
1824
1736
1928
1912
1470
1838
1934
1852
1932
1900
1921
1878
1823
1848
1842
1796
1865
1445
1819
1862
1814
1769
702
1897
1844
1864
1902
1821
1805
1800
1815
1941
1663
1837
1853
1920
1803
1879
1853
1778
40
1830
1544
1677
1916
1839
1816
1808
1856
110
1882
1778
1894
1891
1850
1815
1825
1866
1906
-408
1602
1864
1825
1882
1845
1667
1852
1647
1803
1846
1625
1655
1824
-262
1861
-428
1509
1936
1868
1888
1765
1814
1906
1821
1711
1904
1852
1738
1857
1850
1656
1822
1730
1898
1869
1887
1900
1804
1819
1860
1822
1879
1734
1633
1900
1718
1888
1894
1776
1752
1749
598
1887
1966
1499
1548
1874
1494
69
1926
1908
-470
1816
1842
1540
1906
1910
1813
1787
1870
1792
1955
1588
1815
1843
1804
1861
858
1929
1792
1792
1944
1860
1907
1889
1904
940
1870
1864
936
1883
1835
1854
1860
1873
1136
1852
1527
1647
1516
1958
1879
1890
810
1868
903
1931
1845
1580
1805
1848
1907
78
1908
1852
1856
1811
1861
1909
1667
1888
1916
1847
1886
1755
1930
1900
1864
1899
1882
1811
1790
1971
1771
1784
1706
1945
1878
1892
1883
1922
1080
1932
1877
1917
1905
200
1510
1746
1884
1729
1831
1745
1936
1781
1800
1876
1903
1845
1728
1924
1827
1829
1790
1857
1654
1840
1877
1906
1885
1628
1895
1862
1874
1936
1825
476
1918
1850
1918
1874
1877
1814
1436
1114
1707
1819
1922
-284
1870
1904
1907
1922
1470
1858
1846
1852
1797
1903
1902
1925
1792
1881
1711
1797
1900
1832
1781
1746
1638
1774
1886
1785
290
1882
1904
1592
1811
1902
1758
1901
1788
1786
1728
1908
1840
1863
1933
1854
1755
1849
1903
1950
1851
1862
1907
1752
1841
1780
1895
1925
1940
1904
1380
1884
1812
1905
1725
1923
1580
1887
1941
1925
1800
1900
1873
1854
1690
1804
1773
1891
1895
1871
1891
1865
1837
1877
1611
1741
1866
1872
1872
1834
1889
1748
1570
1839
1907
1907
1892
1939
1858
1598
1881
1626
1661
1953
1936
1698
1542
